TYPE : TSP
DIMENSION: 20
EDGE_DATA_FORMAT: EDGE_LIST
EDGE_WEIGHT_TYPE: EXPLICIT
EDGE_WEIGHT_FORMAT: FULL_MATRIX 
EDGE_DATA_SECTION:
0 1
0 2
0 3
0 4
0 5
0 6
0 7
0 8
0 9
0 10
0 11
0 12
0 13
0 14
0 15
0 16
0 17
0 18
0 19
1 0
1 2
1 3
1 4
1 5
1 6
1 7
1 8
1 9
1 10
1 11
1 12
1 13
1 14
1 15
1 16
1 17
1 18
1 19
2 0
2 1
2 3
2 4
2 5
2 6
2 7
2 8
2 9
2 10
2 11
2 12
2 13
2 14
2 15
2 16
2 17
2 18
2 19
3 0
3 1
3 2
3 4
3 5
3 6
3 7
3 8
3 9
3 10
3 11
3 12
3 13
3 14
3 15
3 16
3 17
3 18
3 19
4 0
4 1
4 2
4 3
4 5
4 6
4 7
4 8
4 9
4 10
4 11
4 12
4 13
4 14
4 15
4 16
4 17
4 18
4 19
5 0
5 1
5 2
5 3
5 4
5 6
5 7
5 8
5 9
5 10
5 11
5 12
5 13
5 14
5 15
5 16
5 17
5 18
5 19
6 0
6 1
6 2
6 3
6 4
6 5
6 7
6 8
6 9
6 10
6 11
6 12
6 13
6 14
6 15
6 16
6 17
6 18
6 19
7 0
7 1
7 2
7 3
7 4
7 5
7 6
7 8
7 9
7 10
7 11
7 12
7 13
7 14
7 15
7 16
7 17
7 18
7 19
8 0
8 1
8 2
8 3
8 4
8 5
8 6
8 7
8 9
8 10
8 11
8 12
8 13
8 14
8 15
8 16
8 17
8 18
8 19
9 0
9 1
9 2
9 3
9 4
9 5
9 6
9 7
9 8
9 10
9 11
9 12
9 13
9 14
9 15
9 16
9 17
9 18
9 19
10 0
10 1
10 2
10 3
10 4
10 5
10 6
10 7
10 8
10 9
10 11
10 12
10 13
10 14
10 15
10 16
10 17
10 18
10 19
11 0
11 1
11 2
11 3
11 4
11 5
11 6
11 7
11 8
11 9
11 10
11 12
11 13
11 14
11 15
11 16
11 17
11 18
11 19
12 0
12 1
12 2
12 3
12 4
12 5
12 6
12 7
12 8
12 9
12 10
12 11
12 13
12 14
12 15
12 16
12 17
12 18
12 19
13 0
13 1
13 2
13 3
13 4
13 5
13 6
13 7
13 8
13 9
13 10
13 11
13 12
13 14
13 15
13 16
13 17
13 18
13 19
14 0
14 1
14 2
14 3
14 4
14 5
14 6
14 7
14 8
14 9
14 10
14 11
14 12
14 13
14 15
14 16
14 17
14 18
14 19
15 0
15 1
15 2
15 3
15 4
15 5
15 6
15 7
15 8
15 9
15 10
15 11
15 12
15 13
15 14
15 16
15 17
15 18
15 19
16 0
16 1
16 2
16 3
16 4
16 5
16 6
16 7
16 8
16 9
16 10
16 11
16 12
16 13
16 14
16 15
16 17
16 18
16 19
17 0
17 1
17 2
17 3
17 4
17 5
17 6
17 7
17 8
17 9
17 10
17 11
17 12
17 13
17 14
17 15
17 16
17 18
17 19
18 0
18 1
18 2
18 3
18 4
18 5
18 6
18 7
18 8
18 9
18 10
18 11
18 12
18 13
18 14
18 15
18 16
18 17
18 19
19 0
19 1
19 2
19 3
19 4
19 5
19 6
19 7
19 8
19 9
19 10
19 11
19 12
19 13
19 14
19 15
19 16
19 17
19 18
-1
EDGE_WEIGHT_SECTION:
20000001 283015 251154 858719 343327 642735 322403 240231 910151 878618 610498 568861 119762 377519 91695 274473 549653 167386 510579 74813 
283015 20000001 361166 1007366 190189 827047 603204 408672 1034371 997742 891951 849707 360841 253948 226972 515809 832428 133318 749936 210934 
251154 361166 20000001 650794 270094 466446 392168 490399 686941 652351 651385 607470 362164 256894 317374 225378 635495 242241 421228 238233 
858719 1007366 650794 20000001 869511 237827 730443 1061796 101634 110670 752624 730886 931333 822258 944629 611562 837038 893034 459098 875565 
343327 190189 270094 869511 20000001 718021 618473 542510 883510 845417 898520 854577 455011 64082 336729 481296 862806 188312 691199 274380 
642735 827047 466446 237827 718021 20000001 492622 832366 321264 305721 541130 513421 704418 682680 732103 381783 612924 702512 226180 669974 
322403 603204 392168 730443 618473 492622 20000001 393303 809942 788903 288764 246605 298888 629303 401183 184130 245681 477303 282530 392284 
240231 408672 490399 1061796 542510 832366 393303 20000001 1123489 1094674 635815 602980 133392 590095 206587 450900 538604 354778 657102 280941 
910151 1034371 686941 101634 883510 321264 809942 1123489 20000001 39294 849586 826274 991230 831465 992599 677563 930355 927499 547010 919579 
878618 997742 652351 110670 845417 305721 788903 1094674 39294 20000001 841148 816148 962016 792981 960065 651158 918063 892191 531826 886216 
610498 891951 651385 752624 898520 541130 288764 635815 849586 841148 20000001 44048 571206 902364 685728 426025 119574 765651 329337 681020 
568861 849707 607470 730886 854577 513421 246605 602980 826274 816148 44048 20000001 533250 858316 645411 382137 114562 722816 296080 638825 
119762 360841 362164 931333 455011 704418 298888 133392 991230 962016 571206 533250 20000001 493797 133870 322790 491339 269804 540591 180706 
377519 253948 256894 822258 64082 682680 629303 590095 831465 792981 902364 858316 493797 20000001 383514 478734 874939 236109 674937 314121 
91695 226972 317374 944629 336729 732103 401183 206587 992599 960065 685728 645411 133870 383514 20000001 366169 615373 148508 602023 81942 
274473 515809 225378 611562 481296 381783 184130 450900 677563 651158 426025 382137 322790 478734 366169 20000001 416694 382492 238065 320507 
549653 832428 635495 837038 862806 612924 245681 538604 930355 918063 119574 114562 491339 874939 615373 416694 20000001 712869 388899 623375 
167386 133318 242241 893034 188312 702512 477303 354778 927499 892191 765651 722816 269804 236109 148508 382492 712869 20000001 616952 92932 
510579 749936 421228 459098 691199 226180 282530 657102 547010 531826 329337 296080 540591 674937 602023 238065 388899 616952 20000001 558535 
74813 210934 238233 875565 274380 669974 392284 280941 919579 886216 681020 638825 180706 314121 81942 320507 623375 92932 558535 20000001 
EOF
