TYPE : TSP
DIMENSION: 60
EDGE_DATA_FORMAT: EDGE_LIST
EDGE_WEIGHT_TYPE: EXPLICIT
EDGE_WEIGHT_FORMAT: FULL_MATRIX 
EDGE_DATA_SECTION:
0 1
0 2
0 3
0 4
0 5
0 6
0 7
0 8
0 9
0 10
0 11
0 12
0 13
0 14
0 15
0 16
0 17
0 18
0 19
0 20
0 21
0 22
0 23
0 24
0 25
0 26
0 27
0 28
0 29
0 30
0 31
0 32
0 33
0 34
0 35
0 36
0 37
0 38
0 39
0 40
0 41
0 42
0 43
0 44
0 45
0 46
0 47
0 48
0 49
0 50
0 51
0 52
0 53
0 54
0 55
0 56
0 57
0 58
0 59
1 0
1 2
1 3
1 4
1 5
1 6
1 7
1 8
1 9
1 10
1 11
1 12
1 13
1 14
1 15
1 16
1 17
1 18
1 19
1 20
1 21
1 22
1 23
1 24
1 25
1 26
1 27
1 28
1 29
1 30
1 31
1 32
1 33
1 34
1 35
1 36
1 37
1 38
1 39
1 40
1 41
1 42
1 43
1 44
1 45
1 46
1 47
1 48
1 49
1 50
1 51
1 52
1 53
1 54
1 55
1 56
1 57
1 58
1 59
2 0
2 1
2 3
2 4
2 5
2 6
2 7
2 8
2 9
2 10
2 11
2 12
2 13
2 14
2 15
2 16
2 17
2 18
2 19
2 20
2 21
2 22
2 23
2 24
2 25
2 26
2 27
2 28
2 29
2 30
2 31
2 32
2 33
2 34
2 35
2 36
2 37
2 38
2 39
2 40
2 41
2 42
2 43
2 44
2 45
2 46
2 47
2 48
2 49
2 50
2 51
2 52
2 53
2 54
2 55
2 56
2 57
2 58
2 59
3 0
3 1
3 2
3 4
3 5
3 6
3 7
3 8
3 9
3 10
3 11
3 12
3 13
3 14
3 15
3 16
3 17
3 18
3 19
3 20
3 21
3 22
3 23
3 24
3 25
3 26
3 27
3 28
3 29
3 30
3 31
3 32
3 33
3 34
3 35
3 36
3 37
3 38
3 39
3 40
3 41
3 42
3 43
3 44
3 45
3 46
3 47
3 48
3 49
3 50
3 51
3 52
3 53
3 54
3 55
3 56
3 57
3 58
3 59
4 0
4 1
4 2
4 3
4 5
4 6
4 7
4 8
4 9
4 10
4 11
4 12
4 13
4 14
4 15
4 16
4 17
4 18
4 19
4 20
4 21
4 22
4 23
4 24
4 25
4 26
4 27
4 28
4 29
4 30
4 31
4 32
4 33
4 34
4 35
4 36
4 37
4 38
4 39
4 40
4 41
4 42
4 43
4 44
4 45
4 46
4 47
4 48
4 49
4 50
4 51
4 52
4 53
4 54
4 55
4 56
4 57
4 58
4 59
5 0
5 1
5 2
5 3
5 4
5 6
5 7
5 8
5 9
5 10
5 11
5 12
5 13
5 14
5 15
5 16
5 17
5 18
5 19
5 20
5 21
5 22
5 23
5 24
5 25
5 26
5 27
5 28
5 29
5 30
5 31
5 32
5 33
5 34
5 35
5 36
5 37
5 38
5 39
5 40
5 41
5 42
5 43
5 44
5 45
5 46
5 47
5 48
5 49
5 50
5 51
5 52
5 53
5 54
5 55
5 56
5 57
5 58
5 59
6 0
6 1
6 2
6 3
6 4
6 5
6 7
6 8
6 9
6 10
6 11
6 12
6 13
6 14
6 15
6 16
6 17
6 18
6 19
6 20
6 21
6 22
6 23
6 24
6 25
6 26
6 27
6 28
6 29
6 30
6 31
6 32
6 33
6 34
6 35
6 36
6 37
6 38
6 39
6 40
6 41
6 42
6 43
6 44
6 45
6 46
6 47
6 48
6 49
6 50
6 51
6 52
6 53
6 54
6 55
6 56
6 57
6 58
6 59
7 0
7 1
7 2
7 3
7 4
7 5
7 6
7 8
7 9
7 10
7 11
7 12
7 13
7 14
7 15
7 16
7 17
7 18
7 19
7 20
7 21
7 22
7 23
7 24
7 25
7 26
7 27
7 28
7 29
7 30
7 31
7 32
7 33
7 34
7 35
7 36
7 37
7 38
7 39
7 40
7 41
7 42
7 43
7 44
7 45
7 46
7 47
7 48
7 49
7 50
7 51
7 52
7 53
7 54
7 55
7 56
7 57
7 58
7 59
8 0
8 1
8 2
8 3
8 4
8 5
8 6
8 7
8 9
8 10
8 11
8 12
8 13
8 14
8 15
8 16
8 17
8 18
8 19
8 20
8 21
8 22
8 23
8 24
8 25
8 26
8 27
8 28
8 29
8 30
8 31
8 32
8 33
8 34
8 35
8 36
8 37
8 38
8 39
8 40
8 41
8 42
8 43
8 44
8 45
8 46
8 47
8 48
8 49
8 50
8 51
8 52
8 53
8 54
8 55
8 56
8 57
8 58
8 59
9 0
9 1
9 2
9 3
9 4
9 5
9 6
9 7
9 8
9 10
9 11
9 12
9 13
9 14
9 15
9 16
9 17
9 18
9 19
9 20
9 21
9 22
9 23
9 24
9 25
9 26
9 27
9 28
9 29
9 30
9 31
9 32
9 33
9 34
9 35
9 36
9 37
9 38
9 39
9 40
9 41
9 42
9 43
9 44
9 45
9 46
9 47
9 48
9 49
9 50
9 51
9 52
9 53
9 54
9 55
9 56
9 57
9 58
9 59
10 0
10 1
10 2
10 3
10 4
10 5
10 6
10 7
10 8
10 9
10 11
10 12
10 13
10 14
10 15
10 16
10 17
10 18
10 19
10 20
10 21
10 22
10 23
10 24
10 25
10 26
10 27
10 28
10 29
10 30
10 31
10 32
10 33
10 34
10 35
10 36
10 37
10 38
10 39
10 40
10 41
10 42
10 43
10 44
10 45
10 46
10 47
10 48
10 49
10 50
10 51
10 52
10 53
10 54
10 55
10 56
10 57
10 58
10 59
11 0
11 1
11 2
11 3
11 4
11 5
11 6
11 7
11 8
11 9
11 10
11 12
11 13
11 14
11 15
11 16
11 17
11 18
11 19
11 20
11 21
11 22
11 23
11 24
11 25
11 26
11 27
11 28
11 29
11 30
11 31
11 32
11 33
11 34
11 35
11 36
11 37
11 38
11 39
11 40
11 41
11 42
11 43
11 44
11 45
11 46
11 47
11 48
11 49
11 50
11 51
11 52
11 53
11 54
11 55
11 56
11 57
11 58
11 59
12 0
12 1
12 2
12 3
12 4
12 5
12 6
12 7
12 8
12 9
12 10
12 11
12 13
12 14
12 15
12 16
12 17
12 18
12 19
12 20
12 21
12 22
12 23
12 24
12 25
12 26
12 27
12 28
12 29
12 30
12 31
12 32
12 33
12 34
12 35
12 36
12 37
12 38
12 39
12 40
12 41
12 42
12 43
12 44
12 45
12 46
12 47
12 48
12 49
12 50
12 51
12 52
12 53
12 54
12 55
12 56
12 57
12 58
12 59
13 0
13 1
13 2
13 3
13 4
13 5
13 6
13 7
13 8
13 9
13 10
13 11
13 12
13 14
13 15
13 16
13 17
13 18
13 19
13 20
13 21
13 22
13 23
13 24
13 25
13 26
13 27
13 28
13 29
13 30
13 31
13 32
13 33
13 34
13 35
13 36
13 37
13 38
13 39
13 40
13 41
13 42
13 43
13 44
13 45
13 46
13 47
13 48
13 49
13 50
13 51
13 52
13 53
13 54
13 55
13 56
13 57
13 58
13 59
14 0
14 1
14 2
14 3
14 4
14 5
14 6
14 7
14 8
14 9
14 10
14 11
14 12
14 13
14 15
14 16
14 17
14 18
14 19
14 20
14 21
14 22
14 23
14 24
14 25
14 26
14 27
14 28
14 29
14 30
14 31
14 32
14 33
14 34
14 35
14 36
14 37
14 38
14 39
14 40
14 41
14 42
14 43
14 44
14 45
14 46
14 47
14 48
14 49
14 50
14 51
14 52
14 53
14 54
14 55
14 56
14 57
14 58
14 59
15 0
15 1
15 2
15 3
15 4
15 5
15 6
15 7
15 8
15 9
15 10
15 11
15 12
15 13
15 14
15 16
15 17
15 18
15 19
15 20
15 21
15 22
15 23
15 24
15 25
15 26
15 27
15 28
15 29
15 30
15 31
15 32
15 33
15 34
15 35
15 36
15 37
15 38
15 39
15 40
15 41
15 42
15 43
15 44
15 45
15 46
15 47
15 48
15 49
15 50
15 51
15 52
15 53
15 54
15 55
15 56
15 57
15 58
15 59
16 0
16 1
16 2
16 3
16 4
16 5
16 6
16 7
16 8
16 9
16 10
16 11
16 12
16 13
16 14
16 15
16 17
16 18
16 19
16 20
16 21
16 22
16 23
16 24
16 25
16 26
16 27
16 28
16 29
16 30
16 31
16 32
16 33
16 34
16 35
16 36
16 37
16 38
16 39
16 40
16 41
16 42
16 43
16 44
16 45
16 46
16 47
16 48
16 49
16 50
16 51
16 52
16 53
16 54
16 55
16 56
16 57
16 58
16 59
17 0
17 1
17 2
17 3
17 4
17 5
17 6
17 7
17 8
17 9
17 10
17 11
17 12
17 13
17 14
17 15
17 16
17 18
17 19
17 20
17 21
17 22
17 23
17 24
17 25
17 26
17 27
17 28
17 29
17 30
17 31
17 32
17 33
17 34
17 35
17 36
17 37
17 38
17 39
17 40
17 41
17 42
17 43
17 44
17 45
17 46
17 47
17 48
17 49
17 50
17 51
17 52
17 53
17 54
17 55
17 56
17 57
17 58
17 59
18 0
18 1
18 2
18 3
18 4
18 5
18 6
18 7
18 8
18 9
18 10
18 11
18 12
18 13
18 14
18 15
18 16
18 17
18 19
18 20
18 21
18 22
18 23
18 24
18 25
18 26
18 27
18 28
18 29
18 30
18 31
18 32
18 33
18 34
18 35
18 36
18 37
18 38
18 39
18 40
18 41
18 42
18 43
18 44
18 45
18 46
18 47
18 48
18 49
18 50
18 51
18 52
18 53
18 54
18 55
18 56
18 57
18 58
18 59
19 0
19 1
19 2
19 3
19 4
19 5
19 6
19 7
19 8
19 9
19 10
19 11
19 12
19 13
19 14
19 15
19 16
19 17
19 18
19 20
19 21
19 22
19 23
19 24
19 25
19 26
19 27
19 28
19 29
19 30
19 31
19 32
19 33
19 34
19 35
19 36
19 37
19 38
19 39
19 40
19 41
19 42
19 43
19 44
19 45
19 46
19 47
19 48
19 49
19 50
19 51
19 52
19 53
19 54
19 55
19 56
19 57
19 58
19 59
20 0
20 1
20 2
20 3
20 4
20 5
20 6
20 7
20 8
20 9
20 10
20 11
20 12
20 13
20 14
20 15
20 16
20 17
20 18
20 19
20 21
20 22
20 23
20 24
20 25
20 26
20 27
20 28
20 29
20 30
20 31
20 32
20 33
20 34
20 35
20 36
20 37
20 38
20 39
20 40
20 41
20 42
20 43
20 44
20 45
20 46
20 47
20 48
20 49
20 50
20 51
20 52
20 53
20 54
20 55
20 56
20 57
20 58
20 59
21 0
21 1
21 2
21 3
21 4
21 5
21 6
21 7
21 8
21 9
21 10
21 11
21 12
21 13
21 14
21 15
21 16
21 17
21 18
21 19
21 20
21 22
21 23
21 24
21 25
21 26
21 27
21 28
21 29
21 30
21 31
21 32
21 33
21 34
21 35
21 36
21 37
21 38
21 39
21 40
21 41
21 42
21 43
21 44
21 45
21 46
21 47
21 48
21 49
21 50
21 51
21 52
21 53
21 54
21 55
21 56
21 57
21 58
21 59
22 0
22 1
22 2
22 3
22 4
22 5
22 6
22 7
22 8
22 9
22 10
22 11
22 12
22 13
22 14
22 15
22 16
22 17
22 18
22 19
22 20
22 21
22 23
22 24
22 25
22 26
22 27
22 28
22 29
22 30
22 31
22 32
22 33
22 34
22 35
22 36
22 37
22 38
22 39
22 40
22 41
22 42
22 43
22 44
22 45
22 46
22 47
22 48
22 49
22 50
22 51
22 52
22 53
22 54
22 55
22 56
22 57
22 58
22 59
23 0
23 1
23 2
23 3
23 4
23 5
23 6
23 7
23 8
23 9
23 10
23 11
23 12
23 13
23 14
23 15
23 16
23 17
23 18
23 19
23 20
23 21
23 22
23 24
23 25
23 26
23 27
23 28
23 29
23 30
23 31
23 32
23 33
23 34
23 35
23 36
23 37
23 38
23 39
23 40
23 41
23 42
23 43
23 44
23 45
23 46
23 47
23 48
23 49
23 50
23 51
23 52
23 53
23 54
23 55
23 56
23 57
23 58
23 59
24 0
24 1
24 2
24 3
24 4
24 5
24 6
24 7
24 8
24 9
24 10
24 11
24 12
24 13
24 14
24 15
24 16
24 17
24 18
24 19
24 20
24 21
24 22
24 23
24 25
24 26
24 27
24 28
24 29
24 30
24 31
24 32
24 33
24 34
24 35
24 36
24 37
24 38
24 39
24 40
24 41
24 42
24 43
24 44
24 45
24 46
24 47
24 48
24 49
24 50
24 51
24 52
24 53
24 54
24 55
24 56
24 57
24 58
24 59
25 0
25 1
25 2
25 3
25 4
25 5
25 6
25 7
25 8
25 9
25 10
25 11
25 12
25 13
25 14
25 15
25 16
25 17
25 18
25 19
25 20
25 21
25 22
25 23
25 24
25 26
25 27
25 28
25 29
25 30
25 31
25 32
25 33
25 34
25 35
25 36
25 37
25 38
25 39
25 40
25 41
25 42
25 43
25 44
25 45
25 46
25 47
25 48
25 49
25 50
25 51
25 52
25 53
25 54
25 55
25 56
25 57
25 58
25 59
26 0
26 1
26 2
26 3
26 4
26 5
26 6
26 7
26 8
26 9
26 10
26 11
26 12
26 13
26 14
26 15
26 16
26 17
26 18
26 19
26 20
26 21
26 22
26 23
26 24
26 25
26 27
26 28
26 29
26 30
26 31
26 32
26 33
26 34
26 35
26 36
26 37
26 38
26 39
26 40
26 41
26 42
26 43
26 44
26 45
26 46
26 47
26 48
26 49
26 50
26 51
26 52
26 53
26 54
26 55
26 56
26 57
26 58
26 59
27 0
27 1
27 2
27 3
27 4
27 5
27 6
27 7
27 8
27 9
27 10
27 11
27 12
27 13
27 14
27 15
27 16
27 17
27 18
27 19
27 20
27 21
27 22
27 23
27 24
27 25
27 26
27 28
27 29
27 30
27 31
27 32
27 33
27 34
27 35
27 36
27 37
27 38
27 39
27 40
27 41
27 42
27 43
27 44
27 45
27 46
27 47
27 48
27 49
27 50
27 51
27 52
27 53
27 54
27 55
27 56
27 57
27 58
27 59
28 0
28 1
28 2
28 3
28 4
28 5
28 6
28 7
28 8
28 9
28 10
28 11
28 12
28 13
28 14
28 15
28 16
28 17
28 18
28 19
28 20
28 21
28 22
28 23
28 24
28 25
28 26
28 27
28 29
28 30
28 31
28 32
28 33
28 34
28 35
28 36
28 37
28 38
28 39
28 40
28 41
28 42
28 43
28 44
28 45
28 46
28 47
28 48
28 49
28 50
28 51
28 52
28 53
28 54
28 55
28 56
28 57
28 58
28 59
29 0
29 1
29 2
29 3
29 4
29 5
29 6
29 7
29 8
29 9
29 10
29 11
29 12
29 13
29 14
29 15
29 16
29 17
29 18
29 19
29 20
29 21
29 22
29 23
29 24
29 25
29 26
29 27
29 28
29 30
29 31
29 32
29 33
29 34
29 35
29 36
29 37
29 38
29 39
29 40
29 41
29 42
29 43
29 44
29 45
29 46
29 47
29 48
29 49
29 50
29 51
29 52
29 53
29 54
29 55
29 56
29 57
29 58
29 59
30 0
30 1
30 2
30 3
30 4
30 5
30 6
30 7
30 8
30 9
30 10
30 11
30 12
30 13
30 14
30 15
30 16
30 17
30 18
30 19
30 20
30 21
30 22
30 23
30 24
30 25
30 26
30 27
30 28
30 29
30 31
30 32
30 33
30 34
30 35
30 36
30 37
30 38
30 39
30 40
30 41
30 42
30 43
30 44
30 45
30 46
30 47
30 48
30 49
30 50
30 51
30 52
30 53
30 54
30 55
30 56
30 57
30 58
30 59
31 0
31 1
31 2
31 3
31 4
31 5
31 6
31 7
31 8
31 9
31 10
31 11
31 12
31 13
31 14
31 15
31 16
31 17
31 18
31 19
31 20
31 21
31 22
31 23
31 24
31 25
31 26
31 27
31 28
31 29
31 30
31 32
31 33
31 34
31 35
31 36
31 37
31 38
31 39
31 40
31 41
31 42
31 43
31 44
31 45
31 46
31 47
31 48
31 49
31 50
31 51
31 52
31 53
31 54
31 55
31 56
31 57
31 58
31 59
32 0
32 1
32 2
32 3
32 4
32 5
32 6
32 7
32 8
32 9
32 10
32 11
32 12
32 13
32 14
32 15
32 16
32 17
32 18
32 19
32 20
32 21
32 22
32 23
32 24
32 25
32 26
32 27
32 28
32 29
32 30
32 31
32 33
32 34
32 35
32 36
32 37
32 38
32 39
32 40
32 41
32 42
32 43
32 44
32 45
32 46
32 47
32 48
32 49
32 50
32 51
32 52
32 53
32 54
32 55
32 56
32 57
32 58
32 59
33 0
33 1
33 2
33 3
33 4
33 5
33 6
33 7
33 8
33 9
33 10
33 11
33 12
33 13
33 14
33 15
33 16
33 17
33 18
33 19
33 20
33 21
33 22
33 23
33 24
33 25
33 26
33 27
33 28
33 29
33 30
33 31
33 32
33 34
33 35
33 36
33 37
33 38
33 39
33 40
33 41
33 42
33 43
33 44
33 45
33 46
33 47
33 48
33 49
33 50
33 51
33 52
33 53
33 54
33 55
33 56
33 57
33 58
33 59
34 0
34 1
34 2
34 3
34 4
34 5
34 6
34 7
34 8
34 9
34 10
34 11
34 12
34 13
34 14
34 15
34 16
34 17
34 18
34 19
34 20
34 21
34 22
34 23
34 24
34 25
34 26
34 27
34 28
34 29
34 30
34 31
34 32
34 33
34 35
34 36
34 37
34 38
34 39
34 40
34 41
34 42
34 43
34 44
34 45
34 46
34 47
34 48
34 49
34 50
34 51
34 52
34 53
34 54
34 55
34 56
34 57
34 58
34 59
35 0
35 1
35 2
35 3
35 4
35 5
35 6
35 7
35 8
35 9
35 10
35 11
35 12
35 13
35 14
35 15
35 16
35 17
35 18
35 19
35 20
35 21
35 22
35 23
35 24
35 25
35 26
35 27
35 28
35 29
35 30
35 31
35 32
35 33
35 34
35 36
35 37
35 38
35 39
35 40
35 41
35 42
35 43
35 44
35 45
35 46
35 47
35 48
35 49
35 50
35 51
35 52
35 53
35 54
35 55
35 56
35 57
35 58
35 59
36 0
36 1
36 2
36 3
36 4
36 5
36 6
36 7
36 8
36 9
36 10
36 11
36 12
36 13
36 14
36 15
36 16
36 17
36 18
36 19
36 20
36 21
36 22
36 23
36 24
36 25
36 26
36 27
36 28
36 29
36 30
36 31
36 32
36 33
36 34
36 35
36 37
36 38
36 39
36 40
36 41
36 42
36 43
36 44
36 45
36 46
36 47
36 48
36 49
36 50
36 51
36 52
36 53
36 54
36 55
36 56
36 57
36 58
36 59
37 0
37 1
37 2
37 3
37 4
37 5
37 6
37 7
37 8
37 9
37 10
37 11
37 12
37 13
37 14
37 15
37 16
37 17
37 18
37 19
37 20
37 21
37 22
37 23
37 24
37 25
37 26
37 27
37 28
37 29
37 30
37 31
37 32
37 33
37 34
37 35
37 36
37 38
37 39
37 40
37 41
37 42
37 43
37 44
37 45
37 46
37 47
37 48
37 49
37 50
37 51
37 52
37 53
37 54
37 55
37 56
37 57
37 58
37 59
38 0
38 1
38 2
38 3
38 4
38 5
38 6
38 7
38 8
38 9
38 10
38 11
38 12
38 13
38 14
38 15
38 16
38 17
38 18
38 19
38 20
38 21
38 22
38 23
38 24
38 25
38 26
38 27
38 28
38 29
38 30
38 31
38 32
38 33
38 34
38 35
38 36
38 37
38 39
38 40
38 41
38 42
38 43
38 44
38 45
38 46
38 47
38 48
38 49
38 50
38 51
38 52
38 53
38 54
38 55
38 56
38 57
38 58
38 59
39 0
39 1
39 2
39 3
39 4
39 5
39 6
39 7
39 8
39 9
39 10
39 11
39 12
39 13
39 14
39 15
39 16
39 17
39 18
39 19
39 20
39 21
39 22
39 23
39 24
39 25
39 26
39 27
39 28
39 29
39 30
39 31
39 32
39 33
39 34
39 35
39 36
39 37
39 38
39 40
39 41
39 42
39 43
39 44
39 45
39 46
39 47
39 48
39 49
39 50
39 51
39 52
39 53
39 54
39 55
39 56
39 57
39 58
39 59
40 0
40 1
40 2
40 3
40 4
40 5
40 6
40 7
40 8
40 9
40 10
40 11
40 12
40 13
40 14
40 15
40 16
40 17
40 18
40 19
40 20
40 21
40 22
40 23
40 24
40 25
40 26
40 27
40 28
40 29
40 30
40 31
40 32
40 33
40 34
40 35
40 36
40 37
40 38
40 39
40 41
40 42
40 43
40 44
40 45
40 46
40 47
40 48
40 49
40 50
40 51
40 52
40 53
40 54
40 55
40 56
40 57
40 58
40 59
41 0
41 1
41 2
41 3
41 4
41 5
41 6
41 7
41 8
41 9
41 10
41 11
41 12
41 13
41 14
41 15
41 16
41 17
41 18
41 19
41 20
41 21
41 22
41 23
41 24
41 25
41 26
41 27
41 28
41 29
41 30
41 31
41 32
41 33
41 34
41 35
41 36
41 37
41 38
41 39
41 40
41 42
41 43
41 44
41 45
41 46
41 47
41 48
41 49
41 50
41 51
41 52
41 53
41 54
41 55
41 56
41 57
41 58
41 59
42 0
42 1
42 2
42 3
42 4
42 5
42 6
42 7
42 8
42 9
42 10
42 11
42 12
42 13
42 14
42 15
42 16
42 17
42 18
42 19
42 20
42 21
42 22
42 23
42 24
42 25
42 26
42 27
42 28
42 29
42 30
42 31
42 32
42 33
42 34
42 35
42 36
42 37
42 38
42 39
42 40
42 41
42 43
42 44
42 45
42 46
42 47
42 48
42 49
42 50
42 51
42 52
42 53
42 54
42 55
42 56
42 57
42 58
42 59
43 0
43 1
43 2
43 3
43 4
43 5
43 6
43 7
43 8
43 9
43 10
43 11
43 12
43 13
43 14
43 15
43 16
43 17
43 18
43 19
43 20
43 21
43 22
43 23
43 24
43 25
43 26
43 27
43 28
43 29
43 30
43 31
43 32
43 33
43 34
43 35
43 36
43 37
43 38
43 39
43 40
43 41
43 42
43 44
43 45
43 46
43 47
43 48
43 49
43 50
43 51
43 52
43 53
43 54
43 55
43 56
43 57
43 58
43 59
44 0
44 1
44 2
44 3
44 4
44 5
44 6
44 7
44 8
44 9
44 10
44 11
44 12
44 13
44 14
44 15
44 16
44 17
44 18
44 19
44 20
44 21
44 22
44 23
44 24
44 25
44 26
44 27
44 28
44 29
44 30
44 31
44 32
44 33
44 34
44 35
44 36
44 37
44 38
44 39
44 40
44 41
44 42
44 43
44 45
44 46
44 47
44 48
44 49
44 50
44 51
44 52
44 53
44 54
44 55
44 56
44 57
44 58
44 59
45 0
45 1
45 2
45 3
45 4
45 5
45 6
45 7
45 8
45 9
45 10
45 11
45 12
45 13
45 14
45 15
45 16
45 17
45 18
45 19
45 20
45 21
45 22
45 23
45 24
45 25
45 26
45 27
45 28
45 29
45 30
45 31
45 32
45 33
45 34
45 35
45 36
45 37
45 38
45 39
45 40
45 41
45 42
45 43
45 44
45 46
45 47
45 48
45 49
45 50
45 51
45 52
45 53
45 54
45 55
45 56
45 57
45 58
45 59
46 0
46 1
46 2
46 3
46 4
46 5
46 6
46 7
46 8
46 9
46 10
46 11
46 12
46 13
46 14
46 15
46 16
46 17
46 18
46 19
46 20
46 21
46 22
46 23
46 24
46 25
46 26
46 27
46 28
46 29
46 30
46 31
46 32
46 33
46 34
46 35
46 36
46 37
46 38
46 39
46 40
46 41
46 42
46 43
46 44
46 45
46 47
46 48
46 49
46 50
46 51
46 52
46 53
46 54
46 55
46 56
46 57
46 58
46 59
47 0
47 1
47 2
47 3
47 4
47 5
47 6
47 7
47 8
47 9
47 10
47 11
47 12
47 13
47 14
47 15
47 16
47 17
47 18
47 19
47 20
47 21
47 22
47 23
47 24
47 25
47 26
47 27
47 28
47 29
47 30
47 31
47 32
47 33
47 34
47 35
47 36
47 37
47 38
47 39
47 40
47 41
47 42
47 43
47 44
47 45
47 46
47 48
47 49
47 50
47 51
47 52
47 53
47 54
47 55
47 56
47 57
47 58
47 59
48 0
48 1
48 2
48 3
48 4
48 5
48 6
48 7
48 8
48 9
48 10
48 11
48 12
48 13
48 14
48 15
48 16
48 17
48 18
48 19
48 20
48 21
48 22
48 23
48 24
48 25
48 26
48 27
48 28
48 29
48 30
48 31
48 32
48 33
48 34
48 35
48 36
48 37
48 38
48 39
48 40
48 41
48 42
48 43
48 44
48 45
48 46
48 47
48 49
48 50
48 51
48 52
48 53
48 54
48 55
48 56
48 57
48 58
48 59
49 0
49 1
49 2
49 3
49 4
49 5
49 6
49 7
49 8
49 9
49 10
49 11
49 12
49 13
49 14
49 15
49 16
49 17
49 18
49 19
49 20
49 21
49 22
49 23
49 24
49 25
49 26
49 27
49 28
49 29
49 30
49 31
49 32
49 33
49 34
49 35
49 36
49 37
49 38
49 39
49 40
49 41
49 42
49 43
49 44
49 45
49 46
49 47
49 48
49 50
49 51
49 52
49 53
49 54
49 55
49 56
49 57
49 58
49 59
50 0
50 1
50 2
50 3
50 4
50 5
50 6
50 7
50 8
50 9
50 10
50 11
50 12
50 13
50 14
50 15
50 16
50 17
50 18
50 19
50 20
50 21
50 22
50 23
50 24
50 25
50 26
50 27
50 28
50 29
50 30
50 31
50 32
50 33
50 34
50 35
50 36
50 37
50 38
50 39
50 40
50 41
50 42
50 43
50 44
50 45
50 46
50 47
50 48
50 49
50 51
50 52
50 53
50 54
50 55
50 56
50 57
50 58
50 59
51 0
51 1
51 2
51 3
51 4
51 5
51 6
51 7
51 8
51 9
51 10
51 11
51 12
51 13
51 14
51 15
51 16
51 17
51 18
51 19
51 20
51 21
51 22
51 23
51 24
51 25
51 26
51 27
51 28
51 29
51 30
51 31
51 32
51 33
51 34
51 35
51 36
51 37
51 38
51 39
51 40
51 41
51 42
51 43
51 44
51 45
51 46
51 47
51 48
51 49
51 50
51 52
51 53
51 54
51 55
51 56
51 57
51 58
51 59
52 0
52 1
52 2
52 3
52 4
52 5
52 6
52 7
52 8
52 9
52 10
52 11
52 12
52 13
52 14
52 15
52 16
52 17
52 18
52 19
52 20
52 21
52 22
52 23
52 24
52 25
52 26
52 27
52 28
52 29
52 30
52 31
52 32
52 33
52 34
52 35
52 36
52 37
52 38
52 39
52 40
52 41
52 42
52 43
52 44
52 45
52 46
52 47
52 48
52 49
52 50
52 51
52 53
52 54
52 55
52 56
52 57
52 58
52 59
53 0
53 1
53 2
53 3
53 4
53 5
53 6
53 7
53 8
53 9
53 10
53 11
53 12
53 13
53 14
53 15
53 16
53 17
53 18
53 19
53 20
53 21
53 22
53 23
53 24
53 25
53 26
53 27
53 28
53 29
53 30
53 31
53 32
53 33
53 34
53 35
53 36
53 37
53 38
53 39
53 40
53 41
53 42
53 43
53 44
53 45
53 46
53 47
53 48
53 49
53 50
53 51
53 52
53 54
53 55
53 56
53 57
53 58
53 59
54 0
54 1
54 2
54 3
54 4
54 5
54 6
54 7
54 8
54 9
54 10
54 11
54 12
54 13
54 14
54 15
54 16
54 17
54 18
54 19
54 20
54 21
54 22
54 23
54 24
54 25
54 26
54 27
54 28
54 29
54 30
54 31
54 32
54 33
54 34
54 35
54 36
54 37
54 38
54 39
54 40
54 41
54 42
54 43
54 44
54 45
54 46
54 47
54 48
54 49
54 50
54 51
54 52
54 53
54 55
54 56
54 57
54 58
54 59
55 0
55 1
55 2
55 3
55 4
55 5
55 6
55 7
55 8
55 9
55 10
55 11
55 12
55 13
55 14
55 15
55 16
55 17
55 18
55 19
55 20
55 21
55 22
55 23
55 24
55 25
55 26
55 27
55 28
55 29
55 30
55 31
55 32
55 33
55 34
55 35
55 36
55 37
55 38
55 39
55 40
55 41
55 42
55 43
55 44
55 45
55 46
55 47
55 48
55 49
55 50
55 51
55 52
55 53
55 54
55 56
55 57
55 58
55 59
56 0
56 1
56 2
56 3
56 4
56 5
56 6
56 7
56 8
56 9
56 10
56 11
56 12
56 13
56 14
56 15
56 16
56 17
56 18
56 19
56 20
56 21
56 22
56 23
56 24
56 25
56 26
56 27
56 28
56 29
56 30
56 31
56 32
56 33
56 34
56 35
56 36
56 37
56 38
56 39
56 40
56 41
56 42
56 43
56 44
56 45
56 46
56 47
56 48
56 49
56 50
56 51
56 52
56 53
56 54
56 55
56 57
56 58
56 59
57 0
57 1
57 2
57 3
57 4
57 5
57 6
57 7
57 8
57 9
57 10
57 11
57 12
57 13
57 14
57 15
57 16
57 17
57 18
57 19
57 20
57 21
57 22
57 23
57 24
57 25
57 26
57 27
57 28
57 29
57 30
57 31
57 32
57 33
57 34
57 35
57 36
57 37
57 38
57 39
57 40
57 41
57 42
57 43
57 44
57 45
57 46
57 47
57 48
57 49
57 50
57 51
57 52
57 53
57 54
57 55
57 56
57 58
57 59
58 0
58 1
58 2
58 3
58 4
58 5
58 6
58 7
58 8
58 9
58 10
58 11
58 12
58 13
58 14
58 15
58 16
58 17
58 18
58 19
58 20
58 21
58 22
58 23
58 24
58 25
58 26
58 27
58 28
58 29
58 30
58 31
58 32
58 33
58 34
58 35
58 36
58 37
58 38
58 39
58 40
58 41
58 42
58 43
58 44
58 45
58 46
58 47
58 48
58 49
58 50
58 51
58 52
58 53
58 54
58 55
58 56
58 57
58 59
59 0
59 1
59 2
59 3
59 4
59 5
59 6
59 7
59 8
59 9
59 10
59 11
59 12
59 13
59 14
59 15
59 16
59 17
59 18
59 19
59 20
59 21
59 22
59 23
59 24
59 25
59 26
59 27
59 28
59 29
59 30
59 31
59 32
59 33
59 34
59 35
59 36
59 37
59 38
59 39
59 40
59 41
59 42
59 43
59 44
59 45
59 46
59 47
59 48
59 49
59 50
59 51
59 52
59 53
59 54
59 55
59 56
59 57
59 58
-1
EDGE_WEIGHT_SECTION:
60000001 934741 280380 803563 167712 1068229 791877 396187 357189 240046 904128 294871 284604 354998 462369 943294 545222 599556 119884 915957 445696 701844 949686 154732 701522 424548 671442 249498 961016 742478 576570 242625 770789 162820 788231 206045 895862 386473 33029 250332 828356 178344 655124 935923 288951 168162 555074 628124 471561 279748 373305 524734 350635 632660 442094 628288 101251 942318 96587 264684 
934741 60000001 677565 265211 918304 208547 467731 829640 680260 715892 225397 656232 1070991 603177 626606 673780 389519 336871 935737 237783 593946 339416 15985 831792 268728 959060 360973 811907 652906 685573 384174 740838 699715 855683 182760 768783 674561 837646 929904 709660 321370 759550 569676 233644 650918 1042208 648941 674444 677416 686596 637153 612032 629691 322931 896746 317582 874532 103833 846041 879682 
280380 677565 60000001 596212 242791 834064 647241 268852 118809 185334 688758 24064 404406 76613 385255 692040 296768 356552 334905 637146 177516 508093 691588 154386 476921 376293 481207 156953 705230 508037 364485 231713 537803 288860 518025 91257 648195 450444 265836 192839 637943 109311 553523 657333 141702 364726 316815 397003 243508 16902 108039 272482 242683 361843 346134 361707 200748 701456 218222 384519 
803563 265211 596212 60000001 833699 282357 204689 817045 645087 565236 102496 572214 999291 536083 408358 846862 312965 255381 773953 458119 585481 105909 278890 738276 127423 944427 136412 750664 833936 795799 232993 575802 817529 689456 312009 682139 833801 617967 807604 555997 69504 646332 310830 462869 517315 940456 694920 746755 691166 610069 599651 644377 459594 340074 893740 317949 768408 194231 707755 685218 
167712 918304 242791 833699 60000001 1076759 861796 240519 260908 316381 928662 265733 167719 315238 556086 815999 539493 599112 285521 857261 358628 740569 932000 96644 717546 256881 712070 122165 837293 608141 600722 341682 634789 306165 753286 152584 766647 529871 134695 328133 870706 197487 744557 877961 329586 132942 431658 496103 348934 232198 294058 413991 421202 598589 276956 601038 91998 944245 209355 417611 
1068229 208547 834064 282357 1076759 60000001 432071 1015761 856290 834740 183241 811028 1236788 764453 690708 877098 537295 477699 1049047 437258 777604 387406 205243 984892 366727 1145801 417225 979630 854452 893879 492185 850225 908239 965235 384320 924370 880495 899807 1068609 826448 296665 901365 576187 428950 779280 1193190 848498 879052 869425 845513 811426 807897 734061 503765 1086536 491868 1021650 135579 974325 966723 
791877 467731 647241 204689 861796 432071 60000001 900579 725781 556025 261561 623937 1029218 605753 336560 1027819 420651 379089 733125 659762 689705 185255 480614 765592 280766 1019920 194972 803292 1018149 951001 311202 549512 975540 650213 505303 720028 1009517 516237 804081 544782 147960 664533 162430 665661 532293 947837 822219 885221 800004 663420 683217 767617 445016 493294 979638 468201 782415 385038 696330 612845 
396187 829640 268852 817045 240519 1015761 900579 60000001 175075 439375 897866 288341 298639 295035 654072 588464 504135 562109 502978 712684 238222 743620 840820 253342 690366 130041 720446 154532 612781 377536 598585 481154 402185 495913 649252 241027 538058 697516 364939 449173 869082 321305 819344 733347 409480 354368 225293 271699 159738 252053 219127 232979 511250 512076 79121 524395 297649 880224 398828 606942 
357189 680260 118809 645087 260908 856290 725781 175075 60000001 304139 729064 130241 394678 121380 493299 589045 332405 391580 434341 598204 97777 569101 692748 205367 519320 299584 545575 140407 605223 396194 423841 350424 425659 399540 506093 152224 543006 569254 334362 311598 695404 213070 649352 618987 256379 393789 204442 283033 126257 105489 45588 167990 353698 357468 253965 365590 260543 720944 317353 500244 
240046 715892 185334 565236 316381 834740 556025 439375 304139 60000001 666570 177425 480039 220700 239709 861621 332658 379544 219933 734658 349991 462477 731409 225766 468840 527069 431943 296864 871534 687627 342929 47082 717479 143031 588077 202903 820422 265129 248806 11757 588382 125868 429406 753151 73758 391830 498438 579013 428259 199250 288397 450352 111415 440052 511564 429243 229913 712748 143488 210019 
904128 225397 688758 102496 928662 183241 261561 897866 729064 666570 60000001 664943 1092998 625115 508953 867977 397648 337732 876293 450789 662221 208322 235081 834029 212017 1026724 238893 841081 851352 840930 329866 677996 860239 791841 332175 776416 860735 717046 907334 657510 116857 744233 395461 450905 616760 1038285 758981 803709 764020 701912 683476 711453 561718 400642 972971 381928 866090 128580 808636 787136 
294871 656232 24064 572214 265733 811028 623937 288341 130241 177425 664943 60000001 428112 60246 366756 690786 273793 333384 341933 621185 175845 484043 670382 175643 453168 398370 457194 180848 702870 511134 340426 224421 540972 290650 498686 113482 647891 441453 282302 183773 613882 119163 532174 641218 126217 386024 321170 401712 251484 39503 111023 274223 225144 342396 366286 341285 219786 678704 226777 381742 
284604 1070991 404406 999291 167719 1236788 1029218 298639 394678 480039 1092998 428112 60000001 472349 719164 882952 700107 760248 400345 989293 489474 907454 1084075 264344 881280 232217 879183 259084 908724 671853 766529 500736 694540 445031 899999 317188 832220 670395 256729 491774 1037641 364687 909390 1010129 497181 129160 521961 569740 447811 391891 435270 520236 587210 748504 288728 753668 250236 1103052 357818 549264 
354998 603177 76613 536083 315238 764453 605753 295035 121380 220700 625115 60246 472349 60000001 377840 641071 228582 288917 400185 561277 131023 454132 616982 230196 413249 415291 429204 216250 651558 469408 308667 267381 499214 344877 441678 166475 599723 478208 341788 224790 582408 179234 528366 581373 156618 440063 283954 364089 224340 83566 83984 232638 243275 285627 374153 286346 277360 630772 286108 429774 
462369 626606 385255 408358 556086 690708 336560 654072 493299 239709 508953 366756 719164 377840 60000001 964518 325597 336405 396674 722613 499840 304243 642530 464425 357906 755515 275710 525749 966301 825614 255977 221164 854495 314329 555816 433229 931596 212038 478305 227955 407511 362573 192810 737054 245468 624705 653471 730774 601653 402023 461474 598555 143258 447677 730853 426312 468939 590246 369587 282029 
943294 673780 692040 846862 815999 877098 1027819 588464 589045 861621 867977 690786 882952 641071 964518 60000001 650055 666481 1022761 440006 515072 843778 673797 788752 747065 663920 840742 700635 34556 211206 752454 908015 189041 980764 537817 740953 50801 1111570 917687 865153 916338 798320 1041002 449849 794086 940167 388355 319969 472131 684469 584450 421704 860885 543267 597952 568621 843416 772527 905380 1070784 
545222 389519 296768 312965 539493 537295 420651 504135 332405 332658 397648 273793 700107 228582 325597 650055 60000001 60339 551783 412286 275573 245573 404480 448390 186935 631514 227398 444812 648454 539395 111149 363897 565861 475279 256735 387224 621975 509397 540765 328010 366188 370616 395186 429244 263818 657901 401580 465719 384215 308372 286883 347168 265108 123090 581114 104312 487769 405027 457229 518117 
599556 336871 356552 255381 599112 477699 379089 562109 391580 379544 337732 333384 760248 288917 336405 666481 60339 60000001 599476 386996 330330 197432 352236 507343 128280 690130 184146 505151 661816 572580 87984 406766 597707 520552 222706 446675 642281 533103 596520 373742 311645 426989 374821 402191 314086 716314 447746 507171 437142 368416 345999 394836 300401 123536 638482 98560 545516 346271 509555 554277 
119884 935737 334905 773953 285521 1049047 733125 502978 434341 219933 876293 341933 400345 400185 396674 1022761 551783 599476 60000001 947208 511517 668866 951280 250741 685311 542055 638097 350305 1037685 829335 559662 198821 858470 84739 805720 284503 977218 280311 152285 226135 789177 225897 584993 966291 288487 276757 638287 715221 556948 340007 439831 601056 315067 654736 555128 645826 206401 930026 117469 153962 
915957 237783 637146 458119 857261 437258 659762 712684 598204 734658 450789 621185 989293 561277 722613 440006 412286 386996 947208 60000001 501039 494189 235781 785658 398361 835040 504137 738530 417243 484115 467649 770925 492486 877151 168546 722387 445823 919116 902951 731984 524884 738456 724084 20835 661698 989132 500397 501758 552951 640629 563244 479999 677294 295036 767034 308788 836456 340326 840646 929329 
445696 593946 177516 585481 358628 777604 689705 238222 97777 349991 662221 175845 489474 131023 499840 515072 275573 330330 511517 501039 60000001 520604 605700 298291 458086 368250 500568 238063 527772 338435 379427 396978 368255 465778 416001 239919 472051 609226 425360 354808 641352 285657 634033 521848 287639 491458 154429 233800 110378 171520 72574 101703 371203 274099 311113 286193 352804 642049 394239 557145 
701844 339416 508093 105909 740569 387406 185255 743620 569101 462477 208322 484043 907454 454132 304243 843778 245573 197432 668866 494189 520604 60000001 354689 644331 98836 868164 30772 664517 834987 766796 145527 471165 790979 584263 331296 590717 824633 515199 707260 452891 130195 549391 233735 503000 418296 842829 644748 704516 629715 522902 524508 591278 355252 308197 821805 283212 671393 288199 605614 579513 
949686 15985 691588 278890 932000 205243 480614 840820 692748 731409 235081 670382 1084075 616982 642530 673797 404480 352236 951280 235781 605700 354689 60000001 845878 284668 970066 376505 825007 652265 690477 400111 756541 704036 871335 192551 782773 675781 853603 944643 725229 333760 774264 584444 230278 666223 1056287 657890 681811 687859 700456 649865 621847 645523 335702 907355 331049 888912 110315 861215 895617 
154732 831792 154386 738276 96644 984892 765592 253342 205367 225766 834029 175643 264344 230196 464425 788752 448390 507343 250741 785658 298291 644331 845878 60000001 623526 312063 615695 99604 806823 587850 505299 256394 616255 245321 671815 63870 741190 459037 129447 237386 774414 102476 650844 806110 233299 210416 400445 473463 316859 146991 227514 371535 326902 515823 311627 516079 55237 853388 146550 357829 
701522 268728 476921 127423 717546 366727 280766 690366 519320 468840 212017 453168 881280 413249 357906 747065 186935 128280 685311 398361 458086 98836 284668 623526 60000001 818229 105789 629098 737500 678697 125918 486912 701795 602441 233380 565094 729325 568977 702319 460920 187444 536275 325836 408258 412586 829564 569305 623655 563820 489950 473779 518031 371841 219191 766752 195479 657484 244861 607651 615683 
424548 959060 376293 944427 256881 1145801 1019920 130041 299584 527069 1026724 398370 232217 415291 755515 663920 631514 690130 542055 835040 368250 868164 970066 312063 818229 60000001 844023 230603 691922 455263 722701 563805 474985 554487 778153 324478 613189 771086 391520 537948 994935 402034 929561 855517 510481 329563 337627 364962 284554 359524 344849 355816 612449 642105 69992 654396 339871 1010266 455142 667293 
671442 360973 481207 136412 712070 417225 194972 720446 545575 431943 238893 457194 879183 429204 275710 840742 227398 184146 638097 504137 500568 30772 376505 615695 105789 844023 60000001 637920 833181 756443 122029 440400 781267 553500 338542 562789 819885 487243 677117 422302 158877 520084 220070 514016 388593 813223 628596 690490 610282 496255 501369 574469 324515 300672 798926 275317 641992 315037 575156 549510 
249498 811907 156953 750664 122165 979630 803292 154532 140407 296864 841081 180848 259084 216250 525749 700635 444812 505151 350305 738530 238063 664517 825007 99604 629098 230603 637920 60000001 720551 495830 520225 335072 523553 341559 641734 93987 652041 547453 220572 307602 794126 172962 703371 759301 281752 254884 313420 382097 229796 141665 177490 292528 383087 489501 218021 494616 148424 845320 244304 453016 
961016 652906 705230 833936 837293 854452 1018149 612781 605223 871534 851352 702870 908724 651558 966301 34556 648454 661816 1037685 417243 527772 834987 652265 806823 737500 691922 833181 720551 60000001 237242 748595 917596 217197 993397 523203 757420 80494 1118321 936076 874635 903439 812496 1036638 425987 802867 962833 407286 342348 491131 698359 598258 437295 866463 538293 625234 563454 861735 752838 920218 1081222 
742478 685573 508037 795799 608141 893879 951001 377536 396194 687627 840930 511134 671853 469408 825614 211206 539395 572580 829335 484115 338435 766796 690477 587850 678697 455263 756443 495830 237242 60000001 649807 734700 29852 795130 515648 544967 160609 947598 715350 692867 862799 609143 932963 500882 626014 730305 191866 114438 272470 497983 400568 237297 705804 459729 388108 484138 641579 770862 712996 892370 
576570 384174 364485 232993 600722 492185 311202 598585 423841 342929 329866 340426 766529 308667 255977 752454 111149 87984 559662 467649 379427 145527 400111 505299 125918 722701 122029 520225 748595 649807 60000001 361558 675945 477121 300102 449341 726889 460293 578342 335009 274074 414367 288643 481586 287924 708443 511598 576762 489478 378862 379469 456695 247333 210841 676982 186222 536260 370368 482209 495507 
242625 740838 231713 575802 341682 850225 549512 481154 350424 47082 677996 224421 500736 267381 221164 908015 363897 406766 198821 770925 396978 471165 756541 256394 486912 563805 440400 335072 917596 734700 361558 60000001 764552 115562 620548 241834 867065 219328 257227 43002 593641 162129 413828 789022 116176 403541 545495 626065 474961 245204 335422 497419 116344 475889 551748 463503 251577 731747 148503 165226 
770789 699715 537803 817529 634789 908239 975540 402185 425659 717479 860239 540972 694540 499214 854495 189041 565861 597707 858470 492486 368255 790979 704036 616255 701795 474985 781267 523553 217197 29852 675945 764552 60000001 824746 532778 574029 138257 977391 743415 722716 884955 638665 960017 508509 655813 755806 221456 143274 301525 527681 430381 267148 735302 483266 408921 507930 669784 787025 742263 922170 
162820 855683 288860 689456 306165 965235 650213 495913 399540 143031 791841 290650 445031 344877 314329 980764 475279 520552 84739 877151 465778 584263 871335 245321 602441 554487 553500 341559 993397 795130 477121 115562 824746 60000001 731050 260161 937054 225796 188350 147285 704449 186767 504589 895779 215452 330913 603290 682513 525427 297504 396811 561078 231202 582842 556922 572264 216002 847288 99394 112831 
788231 182760 518025 312009 753286 384320 505303 649252 506093 588077 332175 498686 899999 441678 555816 537817 256735 222706 805720 168546 416001 331296 192551 671815 233380 778153 338542 641734 523203 515648 300102 620548 532778 731050 60000001 608000 528779 755715 779370 583995 381335 610091 557713 181590 517284 881107 466396 494747 495414 524876 464733 429358 520078 156290 714997 160475 718413 255997 705689 773941 
206045 768783 91257 682139 152584 924370 720028 241027 152224 202903 776416 113482 317188 166475 433229 740953 387224 446675 284503 722387 239919 590717 782773 63870 565094 324478 562789 93987 757420 544967 449341 241834 574029 260161 608000 60000001 694507 456579 185650 213615 720905 80390 613711 742793 191450 273674 354408 430762 272510 83134 167837 320214 291322 452067 309960 452614 114678 792178 169377 368515 
895862 674561 648195 833801 766647 880495 1009517 538058 543006 820422 860735 647891 832220 599723 931596 50801 621975 642281 977218 445823 472051 824633 675781 741190 729325 613189 819885 652041 80494 160609 726889 867065 138257 937054 528779 694507 60000001 1073142 869853 824350 903053 753531 1015445 457663 754056 890211 340812 270558 424343 640058 540289 376545 823973 520104 547156 545564 795664 770803 859981 1028894 
386473 837646 450444 617967 529871 899807 516237 697516 569254 265129 717046 441453 670395 478208 212038 1111570 509397 533103 280311 919116 609226 515199 853603 459037 568977 771086 487243 547453 1118321 947598 460293 219328 977391 225796 755715 456579 1073142 60000001 413700 257835 610678 376225 354662 934915 321590 553045 760833 841351 692885 464323 551784 710750 253580 631889 765457 613633 438337 802106 320544 126804 
33029 929904 265836 807604 134695 1068609 804081 364939 334362 248806 907334 282302 256729 341788 478305 917687 540765 596520 152285 902951 425360 707260 944643 129447 702319 391520 677117 220572 936076 715350 578342 257227 743415 188350 779370 185650 869853 413700 60000001 259731 834963 170398 671042 923103 290590 146813 529334 601168 445577 263399 353467 500968 360210 623281 409531 620190 74345 941111 108727 293878 
250332 709660 192839 555997 328133 826448 544782 449173 311598 11757 657510 183773 491774 224790 227955 865153 328010 373742 226135 731984 354808 452891 725229 237386 460920 537948 422302 307602 874635 692867 335009 43002 722716 147285 583995 213615 824350 257835 259731 60000001 578371 137167 417692 750327 73550 403140 504271 584857 435085 207174 294494 455572 100543 437116 521772 425709 241630 705131 153746 208027 
828356 321370 637943 69504 870706 296665 147960 869082 695404 588382 116857 613882 1037641 582408 407511 916338 366188 311645 789177 524884 641352 130195 333760 774414 187444 994935 158877 794126 903439 862799 274074 593641 884955 704449 381335 720905 903053 610678 834963 578371 60000001 678947 279605 528777 547273 971917 756633 810848 748767 652602 650367 705012 479102 405063 946681 382095 800822 237161 731855 689026 
178344 759550 109311 646332 197487 901365 664533 321305 213070 125868 744233 119163 364687 179234 362573 798320 370616 426989 225897 738456 285657 549391 774264 102476 536275 402034 520084 172962 812496 609143 414367 162129 638665 186767 610091 80390 753531 376225 170398 137167 678947 60000001 548371 758299 132974 294143 417291 496099 338718 114221 214260 376986 224427 454370 390142 450402 122109 772489 108924 291310 
655124 569676 553523 310830 744557 576187 162430 819344 649352 429406 395461 532174 909390 528366 192810 1041002 395186 374821 584993 724084 634033 233735 584444 650844 325836 929561 220070 703371 1036638 932963 288643 413828 960017 504589 557713 613711 1015445 354662 671042 417692 279605 548371 60000001 734086 422295 817309 780330 851678 742706 570379 611310 724369 324001 498347 897927 473241 659320 504979 562315 456257 
935923 233644 657333 462869 877961 428950 665661 733347 618987 753151 450905 641218 1010129 581373 737054 449849 429244 402191 966291 20835 521848 503000 230278 806110 408258 855517 514016 759301 425987 500882 481586 789022 508509 895779 181590 742793 457663 934915 923103 750327 528777 758299 734086 60000001 680343 1009785 520573 520866 573610 660940 583928 500608 694349 313220 787429 326218 856795 337100 860162 946819 
288951 650918 141702 517315 329586 779280 532293 409480 256379 73758 616760 126217 497181 156618 245468 794086 263818 314086 288487 661698 287639 418296 666223 233299 412586 510481 388593 281752 802867 626014 287924 116176 655813 215452 517284 191450 754056 321590 290590 73550 547273 132974 422295 680343 60000001 424646 439846 520229 375188 158096 232640 389205 102210 367535 485669 357640 253901 653820 196112 281402 
168162 1042208 364726 940456 132942 1193190 947837 354368 393789 391830 1038285 386024 129160 440063 624705 940167 657901 716314 276757 989132 491458 842829 1056287 210416 829564 329563 813223 254884 962833 730305 708443 403541 755806 330913 881107 273674 890211 553045 146813 403140 971917 294143 817309 1009785 424646 60000001 560056 620540 478528 356532 425970 545414 502901 725461 370842 726287 172199 1062582 255244 428957 
